m0 = -115.37153
m1 = 0.99955
m2 = -0.00090
n0 = -118.49807
n1 = 0.00089
n2 = 0.99941
Root Mean Square Error: 0.00344
